#Description#
#Frame Index 
 Model Index, Model Appearance Times 
 R 
 T 
#
24 
0 0 
[]
[]
24 
0 0 
[]
[]
25 
0 0 
[]
[]
27 
0 0 
[]
[]
28 
0 0 
[]
[]
29 
0 0 
[]
[]
30 
0 0 
[]
[]
30 
0 0 
[]
[]
32 
0 0 
[]
[]
32 
0 0 
[]
[]
34 
0 0 
[]
[]
34 
0 0 
[]
[]
36 
0 0 
[]
[]
36 
0 0 
[]
[]
38 
0 0 
[]
[]
39 
0 0 
[]
[]
40 
0 0 
[]
[]
41 
0 0 
[]
[]
42 
0 0 
[]
[]
43 
0 0 
[]
[]
44 
0 0 
[]
[]
45 
0 0 
[]
[]
46 
0 0 
[]
[]
47 
0 0 
[]
[]
48 
0 0 
[]
[]
49 
0 1 
[0.98985875, -0.083508454, 0.11492084;
  0.10327898, -0.1324102, -0.98580009;
  0.097539298, 0.98767132, -0.12244267]
[-0.16022092; 2.0352457; 2.3482642]
50 
0 2 
[0.99855578, -0.018616818, -0.050396197;
  0.011452459, 0.99024236, -0.13888435;
  0.052490037, 0.1381066, 0.98902547]
[0.067290336; 0.26064155; 0.008302927]
51 
0 3 
[0.99975789, -0.005492711, 0.021317942;
  0.0030322634, 0.9935019, 0.11377692;
  -0.021804355, -0.11368471, 0.99327779]
[-0.079949871; -0.22656022; 0.025257707]
52 
0 4 
[0.99825209, -0.0027439625, 0.059037246;
  0.002579405, 0.99999261, 0.0028633762;
  -0.059044663, -0.00270609, 0.99825174]
[-0.12491777; -0.0094735269; -0.017734885]
53 
0 5 
[1, 0, 0;
  0, 1, 0;
  0, 0, 1]
[0; 0; 0]
54 
0 6 
[0.99932778, -0.028778143, 0.022699142;
  0.028832626, 0.99958181, -0.0020765443;
  -0.022629896, 0.002729625, 0.99973989]
[-0.030832388; 0.0026024356; -0.009683609]
55 
0 7 
[0.99972165, 0.0066380808, -0.022663675;
  -0.0066577243, 0.99997807, -0.00079138362;
  0.022657912, 0.00094205135, 0.99974334]
[0.049463749; -0.0070371088; 0.0055856705]
56 
0 8 
[1, 0, 0;
  0, 1, 0;
  0, 0, 1]
[-1.4901161e-008; 1.8626451e-009; 0]
57 
0 9 
[0.9968133, -0.016135927, 0.078122549;
  0.0073277173, 0.99370968, 0.11174829;
  -0.079434283, -0.1108197, 0.99066114]
[-0.14974567; -0.23025054; 0.0072360039]
58 
0 10 
[0.99667865, 0.0037877464, -0.081350319;
  -0.013976797, 0.9920525, -0.12504846;
  0.080230109, 0.12577011, 0.98881018]
[0.15676591; 0.24257559; 0.035979509]
59 
0 11 
[1, 0, 0;
  0, 1, 0;
  0, 0, 1]
[0; 1.8626451e-009; 0]
60 
0 12 
[0.99994022, 0.0059464094, 0.0091766734;
  -0.0059725847, 0.99997813, 0.0028276152;
  -0.009159659, -0.0028822545, 0.99995387]
[-0.019473389; -0.010969555; 0.001144886]
61 
0 13 
[0.99972117, -0.015618612, -0.017717864;
  0.01660412, 0.99824131, 0.056911323;
  0.016797826, -0.057189636, 0.99822217]
[0.03745462; -0.11118697; 0.0048030615]
62 
0 14 
[1, 0, 0;
  0, 1, 0;
  0, 0, 1]
[-7.4505806e-009; 0; 0]
63 
0 15 
[1, 0, 0;
  0, 1, 0;
  0, 0, 1]
[0; 0; 0]
64 
0 16 
[0.96567112, 0.013361866, -0.25942463;
  -0.0079835113, 0.99973124, 0.021774447;
  0.25964582, -0.01895583, 0.96551806]
[0.51233977; -0.052415527; 0.089956522]
65 
0 17 
[1, 0, 0;
  0, 1, 0;
  0, 0, 1]
[-4.4703484e-008; 0; 0]
66 
0 18 
[0.96032834, -0.0015561136, 0.27886802;
  0.0081210751, 0.99971652, -0.022387743;
  -0.27875409, 0.02376429, 0.96006858]
[-0.55612862; 0.040188804; 0.059012055]
67 
0 19 
[1, 0, 0;
  0, 1, 0;
  0, 0, 1]
[2.9802322e-008; 3.0267984e-009; 0]
68 
0 20 
[0.99982619, -0.0098167323, 0.015869837;
  0.0096021555, 0.99986249, 0.013541162;
  -0.01600058, -0.013386419, 0.99978268]
[-0.031868093; -0.023167029; -0.0028315783]
69 
0 21 
[1, 0, 0;
  0, 1, 0;
  0, 0, 1]
[0; -9.3132257e-010; 0]
70 
0 22 
[1, 0, 0;
  0, 1, 0;
  0, 0, 1]
[0; -9.3132257e-010; 0]
71 
0 23 
[0.99991655, 0.012913723, 0.00075517909;
  -0.012905546, 0.99986708, -0.0099826725;
  -0.000883992, 0.0099720918, 0.99995011]
[-0.0053222477; 0.020277295; 0.0021996498]
72 
0 24 
[1, 0, 0;
  0, 1, 0;
  0, 0, 1]
[0; 0; 0]
73 
0 25 
[0.99922073, 0.016588753, -0.035814721;
  -0.017626831, 0.9994278, -0.028866149;
  0.035315376, 0.029474955, 0.99894142]
[0.072139315; 0.057774976; 0.0054508448]
74 
0 26 
[0.99971116, -0.017549982, 0.016444422;
  0.017444167, 0.99982679, 0.0065561668;
  -0.016556626, -0.0062674112, 0.99984372]
[-0.032735795; -0.0073653013; 0.00023889542]
75 
0 27 
[0.9998486, 0.0053142635, 0.016574807;
  -0.0056655402, 0.9997589, 0.021218959;
  -0.016458046, -0.02130965, 0.99963754]
[-0.033968061; -0.042307854; -0.0035201311]
76 
0 28 
[0.99952066, -0.00048156609, -0.030960778;
  -0.00046340752, 0.99953461, -0.030507224;
  0.030961055, 0.030506942, 0.99905509]
[0.062581167; 0.058746345; 0.0077337027]
77 
0 29 
[0.99999678, -0.0025648612, 0.00066319073;
  0.0025771013, 0.99981326, -0.019166123;
  -0.00061390828, 0.019167764, 0.99981636]
[-0.0012702346; 0.03748557; -0.00011122227]
78 
0 30 
[0.99959427, -0.0028542625, 0.028343728;
  0.0023953551, 0.99986583, 0.016211566;
  -0.028386194, -0.016137093, 0.9994669]
[-0.05714035; -0.032165244; -0.0061143637]
79 
0 31 
[0.99944687, 0.0015150198, -0.033226866;
  -0.00070027553, 0.99969929, 0.024518594;
  0.033254016, -0.02448176, 0.99914724]
[0.064985931; -0.048394281; 0.0087202787]
80 
0 32 
[1, 0, 0;
  0, 1, 0;
  0, 0, 1]
[0; 0; -1.1920929e-007]
81 
0 33 
[0.99932075, -0.0010013671, 0.036839969;
  0.0011493106, 0.99999142, -0.0039948821;
  -0.036835652, 0.004034509, 0.99931324]
[-0.074881837; 0.0066096913; -0.0054165125]
82 
0 34 
[1, 0, 0;
  0, 1, 0;
  0, 0, 1]
[-1.4901161e-008; -1.8626451e-009; 0]
83 
0 35 
[1, 0, 0;
  0, 1, 0;
  0, 0, 1]
[0; -1.3969839e-009; 0]
84 
0 36 
[0.99984974, -0.0015196471, -0.017278155;
  0.0015410032, 0.99999821, 0.0012227683;
  0.017276263, -0.0012492101, 0.99985009]
[0.033646628; 0.00050608814; 0.0023907423]
#Description#
#Frame Index 
 Model Index, Model Appearance Times 
 R 
 T 
#
21 
0 0 
[]
[]
22 
0 0 
[]
[]
23 
0 0 
[]
[]
24 
0 0 
[]
[]
24 
0 0 
[]
[]
25 
0 0 
[]
[]
27 
0 0 
[]
[]
27 
0 0 
[]
[]
29 
0 0 
[]
[]
30 
0 0 
[]
[]
31 
0 0 
[]
[]
32 
0 0 
[]
[]
33 
0 0 
[]
[]
33 
0 0 
[]
[]
35 
0 0 
[]
[]
36 
0 0 
[]
[]
37 
0 0 
[]
[]
38 
0 0 
[]
[]
39 
0 0 
[]
[]
40 
0 0 
[]
[]
41 
0 0 
[]
[]
41 
0 0 
[]
[]
43 
0 0 
[]
[]
43 
0 0 
[]
[]
45 
0 0 
[]
[]
46 
0 1 
[0.99361593, 0.013502036, 0.11200472;
  0.11259944, -0.057259355, -0.99198925;
  -0.006980557, 0.99826801, -0.058414131]
[-0.017115822; 2.4706867; 2.2154779]
47 
0 2 
[0.99977744, 0.018692181, 0.0097736483;
  -0.020068033, 0.9856109, 0.16783401;
  -0.0064958315, -0.1679928, 0.98576671]
[-0.033248298; -0.34203804; 0.096782684]
48 
0 3 
[0.99865991, -0.0078988364, -0.051153146;
  0.0046287668, 0.99795657, -0.063732773;
  0.051552016, 0.063410573, 0.99665546]
[0.099543557; 0.12241945; -0.0090351105]
49 
0 4 
[1, 0, 0;
  0, 1, 0;
  0, 0, 1]
[0; 0; -2.3841858e-007]
50 
0 5 
[0.99993545, 0.0019411177, 0.011204754;
  -0.0013435963, 0.99858886, -0.05309077;
  -0.011291997, 0.053072285, 0.99852693]
[-0.027103841; 0.095055073; -0.019657135]
51 
0 6 
[0.9989112, -0.010044408, -0.0455589;
  0.010894228, 0.99977058, 0.018443419;
  0.045363192, -0.018919665, 0.9987914]
[0.092532322; -0.037912637; 0.013947487]
52 
0 7 
[1, 0, 0;
  0, 1, 0;
  0, 0, 1]
[0; 0; 2.3841858e-007]
53 
0 8 
[1, 0, 0;
  0, 1, 0;
  0, 0, 1]
[0; 0; -2.3841858e-007]
54 
0 9 
[0.99179804, -0.003549844, 0.1277664;
  -0.012463345, 0.99216479, 0.12431399;
  -0.12720661, -0.12488675, 0.98398274]
[-0.27364498; -0.26906714; 0.072695374]
55 
0 10 
[0.99763429, -0.0023820347, -0.068704821;
  -0.0036922931, 0.99610049, -0.088149622;
  0.068646871, 0.088194758, 0.99373513]
[0.13342951; 0.16629435; -0.00082993507]
56 
0 11 
[0.99526227, -0.028743539, -0.092879593;
  0.0095676379, 0.97961813, -0.20064023;
  0.096753657, 0.19880103, 0.97525209]
[0.19463596; 0.40183267; -0.013863325]
57 
0 12 
[0.99771732, 0.011404132, 0.066560902;
  -0.030931409, 0.95334071, 0.30030814;
  -0.060030457, -0.3016814, 0.95151716]
[-0.14138125; -0.61273158; 0.18879175]
58 
0 13 
[1, 0, 0;
  0, 1, 0;
  0, 0, 1]
[-1.4901161e-008; -2.9802322e-008; 0]
59 
0 14 
[0.9998877, 0.0035804329, 0.01455077;
  -0.0045368713, 0.9977935, 0.066239081;
  -0.014281498, -0.066297658, 0.99769771]
[-0.038316891; -0.16949558; 0.024711967]
60 
0 15 
[0.99994081, -0.007182694, -0.0081744194;
  0.0055043502, 0.98187822, -0.18943319;
  0.009386925, 0.18937698, 0.98185962]
[0.013553783; 0.3672792; -0.017298222]
61 
0 16 
[0.99966103, 0.014923338, -0.02134019;
  -0.016268972, 0.99779558, -0.064339444;
  0.020332985, 0.064664811, 0.99770004]
[0.036338404; 0.11147809; -0.015329361]
62 
0 17 
[0.99982595, -0.0019091155, 0.018580707;
  0.0014905733, 0.99974585, 0.022513483;
  -0.018618956, -0.022481859, 0.9995743]
[-0.041780032; -0.06932202; 0.010107279]
63 
0 18 
[1, 0, 0;
  0, 1, 0;
  0, 0, 1]
[0; 0; -2.3841858e-007]
64 
0 19 
[1, 0, 0;
  0, 1, 0;
  0, 0, 1]
[0; 0; 0]
65 
0 20 
[1, 0, 0;
  0, 1, 0;
  0, 0, 1]
[0; 0; 0]
66 
0 21 
[1, 0, 0;
  0, 1, 0;
  0, 0, 1]
[0; 0; 0]
67 
0 22 
[1, 0, 0;
  0, 1, 0;
  0, 0, 1]
[0; 0; 0]
68 
0 23 
[1, 0, 0;
  0, 1, 0;
  0, 0, 1]
[0; 0; 0]
69 
0 24 
[0.99910778, 0.029842414, -0.029893784;
  -0.028592577, 0.99873376, 0.041398641;
  0.03109136, -0.040506952, 0.99869567]
[0.053716183; -0.18264675; 0.014955044]
70 
0 25 
[0.99991256, -0.00076356763, 0.013215974;
  0.0010942438, 0.99968624, -0.025031837;
  -0.013192711, 0.025044104, 0.99959946]
[-0.024514455; 0.035640448; -0.0044119358]
71 
0 26 
[1, 0, 0;
  0, 1, 0;
  0, 0, 1]
[0; 0; 0]
72 
0 27 
[0.99985659, 0.0062118284, -0.015767267;
  -0.0055092121, 0.99900681, 0.044220529;
  0.016026296, -0.044127315, 0.99889755]
[0.033571795; -0.11487955; 0.011353731]
73 
0 28 
[1, 0, 0;
  0, 1, 0;
  0, 0, 1]
[0; 0; 2.3841858e-007]
74 
0 29 
[0.9998154, 0.018238366, 0.0060815127;
  -0.018071353, 0.99948645, -0.026470616;
  -0.0065611689, 0.026355822, 0.99963129]
[-0.014907483; 0.034144476; -0.0029428005]
75 
0 30 
[0.99998534, -0.0017222428, -0.0051450455;
  0.0017669054, 0.99996072, 0.0086887926;
  0.0051298789, -0.0086977556, 0.99994904]
[0.010753006; -0.02643957; 0.00016736984]
76 
0 31 
[1, 0, 0;
  0, 1, 0;
  0, 0, 1]
[0; -7.4505806e-009; 0]
77 
0 32 
[1, 0, 0;
  0, 1, 0;
  0, 0, 1]
[0; 0; 0]
78 
0 33 
[0.99986792, 0.0088269683, 0.013649185;
  -0.0084503544, 0.99958861, -0.027408162;
  -0.013885501, 0.027289201, 0.99953115]
[-0.029170819; 0.030839015; 0.0010886192]
79 
0 34 
[1, 0, 0;
  0, 1, 0;
  0, 0, 1]
[0; 0; 0]
80 
0 35 
[1, 0, 0;
  0, 1, 0;
  0, 0, 1]
[0; 0; 0]
81 
0 36 
[1, 0, 0;
  0, 1, 0;
  0, 0, 1]
[0; 0; 0]
82 
0 37 
[0.99996418, -0.0058937082, -0.0061000776;
  0.0059591839, 0.99992436, 0.010771593;
  0.0060361312, -0.010807557, 0.99992353]
[0.002971977; -0.085904643; 0.0051147938]
83 
0 38 
[1, 0, 0;
  0, 1, 0;
  0, 0, 1]
[0; -3.7252903e-009; 0]
84 
0 39 
[1, 0, 0;
  0, 1, 0;
  0, 0, 1]
[0; 0; 0]
85 
0 40 
[1, 0, 0;
  0, 1, 0;
  0, 0, 1]
[0; 0; 0]
86 
0 41 
[1, 0, 0;
  0, 1, 0;
  0, 0, 1]
[0; 0; 0]
87 
0 42 
[0.99991763, 0.0053240354, -0.011696662;
  -0.005994197, 0.99829715, -0.058027957;
  0.0113678, 0.058093276, 0.99824667]
[0.010217525; 0.062580824; -0.0043027401]
88 
0 43 
[0.9997167, -0.014646369, 0.018764935;
  0.014148777, 0.99955189, 0.026380939;
  -0.019142911, -0.026107963, 0.9994759]
[-0.038358442; -0.061643224; 0.003518343]
89 
0 44 
[1, 0, 0;
  0, 1, 0;
  0, 0, 1]
[-7.4505806e-009; -7.4505806e-009; -2.3841858e-007]
90 
0 45 
[0.99989146, 0.013611431, -0.0056434399;
  -0.013548999, 0.99984825, 0.010957298;
  0.0057917279, -0.010879645, 0.99992406]
[0.0072931498; -0.042239439; -0.0023269653]
91 
0 46 
[1, 0, 0;
  0, 1, 0;
  0, 0, 1]
[0; 0; 2.3841858e-007]
92 
0 47 
[1, 0, 0;
  0, 1, 0;
  0, 0, 1]
[0; 0; 0]
93 
0 48 
[1, 0, 0;
  0, 1, 0;
  0, 0, 1]
[0; 0; 0]
94 
0 49 
[1, 0, 0;
  0, 1, 0;
  0, 0, 1]
[0; 0; 0]
95 
0 50 
[1, 0, 0;
  0, 1, 0;
  0, 0, 1]
[0; 0; 0]
96 
0 51 
[0.99974614, -0.020255251, 0.0098946551;
  0.020572118, 0.99924231, -0.033047345;
  -0.0092177736, 0.033242498, 0.99940503]
[-0.049346592; -0.039330736; 0.0010848045]
97 
0 52 
[0.99998206, 0.0051640393, -0.0030127279;
  -0.0050795591, 0.99961144, 0.027405316;
  0.0031530797, -0.027389523, 0.99961978]
[0.00199233; -0.066416271; -0.0059165955]
98 
0 53 
[0.99976152, -0.0065462482, 0.0208357;
  0.006886424, 0.99984354, -0.016296931;
  -0.020725755, 0.016436527, 0.99965012]
[-0.04479719; 0.02378042; -0.00016880035]
99 
0 54 
[1, 0, 0;
  0, 1, 0;
  0, 0, 1]
[-7.4505806e-009; 0; 0]
100 
0 55 
[0.99927998, 0.0030853262, -0.037819583;
  -0.0023901185, 0.99982774, 0.018413667;
  0.037869874, -0.018310012, 0.99911511]
[0.072223246; -0.054921687; 0.00070118904]
101 
0 56 
[0.99995708, -0.0062897, 0.0068175341;
  0.0063271173, 0.99996507, -0.0054807928;
  -0.0067828223, 0.0055236924, 0.99996185]
[-0.019238278; 0.0017567128; 0.0030231476]
102 
0 57 
[0.99954259, 0.0030766586, 0.030088479;
  -0.0032234229, 0.99998325, 0.004830467;
  -0.03007311, -0.004925245, 0.99953568]
[-0.063814931; -0.019609317; -0.0020236969]
103 
0 58 
[0.99991167, -0.0068142936, -0.011404182;
  0.0062745018, 0.99888837, -0.046717171;
  0.011709849, 0.046641491, 0.99884295]
[0.014466718; 0.081807405; 0.010241508]
104 
0 59 
[1, 0, 0;
  0, 1, 0;
  0, 0, 1]
[0; -2.9802322e-008; 2.3841858e-007]
105 
0 60 
[0.99995613, -0.0032872802, 0.0087833637;
  0.0032510816, 0.99998629, 0.0041323798;
  -0.0087968269, -0.0041036424, 0.99995303]
[-0.031142689; -0.029876441; -0.0030944347]
106 
0 61 
[0.99983084, 0.002000727, -0.018287418;
  -0.0021755174, 0.9999522, -0.0095430622;
  0.018267451, 0.0095812324, 0.99978727]
[0.03544037; 0.010069609; 0.0073668957]
107 
0 62 
[0.99992043, 0.0067416457, -0.010672925;
  -0.0058584018, 0.99671918, 0.080726892;
  0.01118214, -0.080657929, 0.99667925]
[0.022865176; -0.1724966; -0.01672101]
108 
0 63 
[0.99968225, -0.015079433, 0.020212611;
  0.015778091, 0.99926776, -0.034863699;
  -0.019672081, 0.035171531, 0.99918789]
[-0.047919139; 0.060984403; 0.012758017]
109 
0 64 
[0.99985474, -0.0063300948, -0.01584151;
  0.0059266658, 0.99966043, -0.025385233;
  0.015996817, 0.025287651, 0.99955249]
[0.028393716; 0.04459691; 0.0054712296]
110 
0 65 
[0.99987686, -0.0039278301, 0.015197977;
  0.0039409199, 0.99999195, -0.0008314274;
  -0.015194588, 0.00089121901, 0.99988419]
[-0.033937603; -0.0063723326; -0.0024394989]
111 
0 66 
[0.99979395, 0.018033242, 0.0093761673;
  -0.01796872, 0.99981511, -0.0069206492;
  -0.0094992304, 0.0067507415, 0.99993265]
[-0.016631231; -0.00066134334; 0.00087046623]
112 
0 67 
[0.99986219, 0.0087157646, -0.014147983;
  -0.0084348358, 0.99976873, 0.019796129;
  0.014317245, -0.019674061, 0.99970418]
[0.026036575; -0.056490213; -0.0036592484]
113 
0 68 
[0.99991184, -0.011240437, 0.0070824907;
  0.011315515, 0.99987936, -0.01065112;
  -0.0069619119, 0.010730322, 0.99991828]
[-0.021157548; 0.010318637; -0.00029301643]
114 
0 69 
[1, 0, 0;
  0, 1, 0;
  0, 0, 1]
[1.4901161e-008; 0; 0]
115 
0 70 
[0.99989718, -0.0028936197, 0.014054174;
  0.0028024574, 0.99997503, 0.0065018539;
  -0.014072635, -0.0064617982, 0.99988019]
[-0.028062329; -0.041117579; -0.0059151649]
116 
0 71 
[1, 0, 0;
  0, 1, 0;
  0, 0, 1]
[0; 0; 0]
117 
0 72 
[0.9937849, -0.019879278, 0.10952994;
  0.014573264, 0.99869108, 0.049032867;
  -0.11036129, -0.047131903, 0.99277359]
[-0.2282069; -0.13257337; -0.035375118]
118 
0 73 
[0.99584407, -0.001453448, -0.091066241;
  0.0020971112, 0.99997377, 0.0069727912;
  0.091053694, -0.0071347868, 0.9958207]
[0.17912227; -0.026977479; 0.031665564]
119 
0 74 
[1, 0, 0;
  0, 1, 0;
  0, 0, 1]
[0; 0; 2.3841858e-007]
120 
0 75 
[1, 0, 0;
  0, 1, 0;
  0, 0, 1]
[0; 0; 0]
121 
0 76 
[1, 0, 0;
  0, 1, 0;
  0, 0, 1]
[0; 0; 0]
122 
0 77 
[0.9997915, 0.010714264, 0.017394824;
  -0.010375204, 0.99975687, -0.019466536;
  -0.01759916, 0.019281998, 0.99965942]
[-0.033181459; 0.016534835; 0.0056731701]
123 
0 78 
[1, 0, 0;
  0, 1, 0;
  0, 0, 1]
[0; -2.9802322e-008; 0]
124 
0 79 
[0.99956757, 0.01827419, -0.023053188;
  -0.01831519, 0.99983138, -0.001568659;
  0.023020625, 0.0019902035, 0.99973339]
[0.055093944; 0.0046021044; 0.0062018633]
125 
0 80 
[1, 0, 0;
  0, 1, 0;
  0, 0, 1]
[0; -2.9802322e-008; -2.3841858e-007]
126 
0 81 
[1, 0, 0;
  0, 1, 0;
  0, 0, 1]
[0; 0; 0]
127 
0 82 
[0.99996549, -0.0021470024, 0.0080600204;
  0.0023400669, 0.99970895, -0.02402086;
  -0.0080060996, 0.024038887, 0.99967921]
[-0.017673552; 0.066829264; 0.014627218]
128 
0 83 
[0.9997611, -0.00080324808, -0.021850824;
  0.00061082066, 0.99996114, -0.0088116676;
  0.021857049, 0.0087962132, 0.9997226]
[0.044338092; 0.026346564; 0.0045598745]
129 
0 84 
[0.99992794, 0.0048752422, -0.011007164;
  -0.0047170445, 0.99988627, 0.014352774;
  0.011075881, -0.014299813, 0.9998368]
[0.024579048; -0.018641889; 0.001199007]
130 
0 85 
[0.9999913, 0.0041769366, -0.00038166993;
  -0.0041755964, 0.99998546, 0.0034469326;
  0.00039606195, -0.0034453087, 0.9999941]
[0.0020829141; 0.0002669096; -0.0011138916]
131 
0 86 
[0.9999966, -0.0019778355, -0.0017921367;
  0.0019304605, 0.99965864, -0.026061874;
  0.0018430707, 0.026058322, 0.99965888]
[0.0027733147; 0.059689134; 0.011550307]
132 
0 87 
[0.99996418, -0.0021789439, -0.0082132258;
  0.0021740175, 0.99999774, -0.00060869835;
  0.0082145315, 0.00059082068, 0.99996632]
[0.014792606; 0.0087588429; 0.00076842308]
133 
0 88 
[0.99998343, 0.00030591936, 0.0057458743;
  -0.00038478457, 0.99990565, 0.013729448;
  -0.005741132, -0.013731432, 0.99988919]
[-0.011010855; -0.016797781; -0.0061895847]
134 
0 89 
[0.99990678, 0.0060194647, -0.012282572;
  -0.0057731648, 0.99978381, 0.019990673;
  0.012400245, -0.019917894, 0.99972504]
[0.026829734; -0.034258872; -0.0026006699]
135 
0 90 
[0.99991769, -0.011135253, 0.0063855159;
  0.011221611, 0.9998439, -0.01365169;
  -0.0062325033, 0.013722221, 0.99988645]
[-0.016222119; 0.039584517; 0.0042288303]
136 
0 91 
[0.99992836, -0.0056870985, 0.010553563;
  0.0056173378, 0.99996245, 0.0066280556;
  -0.01059086, -0.0065682963, 0.99992257]
[-0.02335611; -0.0031474233; -0.00040459633]
137 
0 92 
[1, 0, 0;
  0, 1, 0;
  0, 0, 1]
[1.4901161e-008; 2.9802322e-008; 0]
138 
0 93 
[0.99988633, 0.00081751286, 0.01507344;
  -0.00077765528, 0.99999648, -0.0026498991;
  -0.015075549, 0.0026378753, 0.99988317]
[-0.030271575; 0.025617719; -0.0014400482]
139 
0 94 
[0.99903744, 0.0024695739, -0.043804288;
  -0.0019820058, 0.99993598, 0.011170551;
  0.043829057, -0.011072975, 0.99897802]
[0.088751614; -0.012669563; 0.0097689629]
140 
0 95 
[1, 0, 0;
  0, 1, 0;
  0, 0, 1]
[0; 0; 0]
141 
0 96 
[0.99965841, 0.018304268, 0.018663624;
  -0.018573167, 0.99972481, 0.014337557;
  -0.018396048, -0.0146793, 0.99972314]
[-0.037328005; -0.014786899; -0.0017075539]
142 
0 97 
[0.99993676, -0.0095627708, -0.0059454865;
  0.0094519705, 0.99978632, -0.018392976;
  0.0061201029, 0.018335614, 0.99981332]
[0.0081038177; 0.048881352; 0.0059273243]
143 
0 98 
[0.99990886, -0.013355961, 0.0020641461;
  0.013333775, 0.99985713, 0.010412212;
  -0.002202916, -0.010383739, 0.99994385]
[-0.012079746; -0.0032202005; -0.0070123672]
144 
0 99 
[0.99998099, 0.00092876062, -0.0061463206;
  -0.00082940201, 0.99986959, 0.0161484;
  0.0061605149, -0.01614299, 0.99985105]
[0.011892259; -0.024293184; -0.0066020489]
145 
0 100 
[0.99968803, -0.012592382, 0.021573065;
  0.013293994, 0.99937707, -0.032693975;
  -0.021147929, 0.032970566, 0.99923265]
[-0.041580781; 0.072914094; 0.0061562061]
146 
0 101 
[0.99985695, -0.0016742774, -0.016845204;
  0.0017029081, 0.99999738, 0.0016854393;
  0.016842334, -0.0017138836, 0.99985695]
[0.038283199; 0.00094598532; 0.00027537346]
147 
0 102 
[1, 0, 0;
  0, 1, 0;
  0, 0, 1]
[0; 0; 0]
148 
0 103 
[0.99986869, 0.0085135959, 0.01380574;
  -0.0087940022, 0.99975389, 0.02037899;
  -0.01362884, -0.020497717, 0.99969727]
[-0.021716863; -0.025131583; -0.004981041]
149 
0 104 
[0.99998587, 0.0012080108, -0.0051825768;
  -0.0012425006, 0.99997711, -0.0066568879;
  0.0051744166, 0.006663233, 0.99996448]
[0.011523008; 0.020613998; 0.001339674]
150 
0 105 
[0.99986804, -0.0082274275, 0.014018083;
  0.0085029956, 0.99976963, -0.019713204;
  -0.013852663, 0.019829797, 0.99970752]
[-0.028304055; 0.048043579; 0.0039455891]
151 
0 106 
[1, 0, 0;
  0, 1, 0;
  0, 0, 1]
[-1.4901161e-008; 1.4901161e-008; 0]
152 
0 107 
[0.99911135, 0.025140548, -0.03383695;
  -0.024848185, 0.99965066, 0.0090333829;
  0.034052227, -0.0081845671, 0.99938679]
[0.079827517; -0.014784873; 0.0056591034]
153 
0 108 
[0.99969894, -0.012846093, 0.020919492;
  0.013031842, 0.99987692, -0.0087672863;
  -0.020804286, 0.0090372637, 0.99974298]
[-0.04146035; 0.023865715; 0.001396656]
154 
0 109 
[1, 0, 0;
  0, 1, 0;
  0, 0, 1]
[0; 0; 0]
155 
0 110 
[1, 0, 0;
  0, 1, 0;
  0, 0, 1]
[0; 0; 0]
156 
0 111 
[1, 0, 0;
  0, 1, 0;
  0, 0, 1]
[0; 0; 0]
157 
0 112 
[0.99974698, 0.0064496398, -0.02156412;
  -0.0063392832, 0.9999668, 0.0051820413;
  0.021596821, -0.0050440277, 0.99975431]
[0.059895456; 0.015354112; 0.006696701]
158 
0 113 
[1, 0, 0;
  0, 1, 0;
  0, 0, 1]
[0; 1.4901161e-008; 0]
159 
0 114 
[0.99998814, 0.0025476564, 0.0042392756;
  -0.0026116024, 0.99988222, 0.015147634;
  -0.0042001838, -0.015158519, 0.99987662]
[-0.00094157457; -0.018929407; -0.0041975975]
160 
0 115 
[0.99966782, -0.010845238, -0.023382159;
  0.010552823, 0.99986511, -0.012593252;
  0.02351558, 0.01234232, 0.99964738]
[0.047699079; 0.034738541; 0.0078599453]
161 
0 116 
[0.9999541, -0.0076630483, 0.0057700607;
  0.0075901593, 0.99989259, 0.012549942;
  -0.0058656107, -0.012505569, 0.99990475]
[-0.0075918734; -0.016293228; -0.0014173985]
162 
0 117 
[1, 0, 0;
  0, 1, 0;
  0, 0, 1]
[7.4505806e-009; 0; 0]
163 
0 118 
[0.99994564, 0.010100481, -0.0026842761;
  -0.010043721, 0.99974209, 0.020378547;
  0.0028894164, -0.020350473, 0.99978894]
[0.014094122; -0.028076366; -0.0071439743]
164 
0 119 
[1, 0, 0;
  0, 1, 0;
  0, 0, 1]
[0; 0; 0]
165 
0 120 
[1, 0, 0;
  0, 1, 0;
  0, 0, 1]
[0; 0; 0]
166 
0 121 
[0.9996444, -0.020122267, 0.017509075;
  0.020803684, 0.99899733, -0.039647829;
  -0.016693711, 0.039997973, 0.99906051]
[-0.024992168; 0.11182789; 0.0092976093]
167 
0 122 
[1, 0, 0;
  0, 1, 0;
  0, 0, 1]
[0; 7.4505806e-009; 2.3841858e-007]
168 
0 123 
[0.99999511, 0.00082036626, -0.0031574951;
  -0.00072038046, 0.99950272, 0.031538088;
  0.0031817963, -0.031535644, 0.99949801]
[0.0082383752; -0.046386413; -0.0032942295]
169 
0 124 
[1, 0, 0;
  0, 1, 0;
  0, 0, 1]
[0; 0; 0]
170 
0 125 
[0.99959534, 0.0028647569, -0.028313199;
  -0.0026418252, 0.99996555, 0.0079080453;
  0.028334869, -0.0078300443, 0.99956816]
[0.065693691; 0.0003849566; 0.0054872036]
171 
0 126 
[1, 0, 0;
  0, 1, 0;
  0, 0, 1]
[0; -7.4505806e-009; 0]
172 
0 127 
[1, 0, 0;
  0, 1, 0;
  0, 0, 1]
[0; 0; 0]
173 
0 128 
[0.99969941, 0.0081099579, 0.023145905;
  -0.0080011245, 0.99995673, -0.004790782;
  -0.023183752, 0.0046041477, 0.99972087]
[-0.038896672; 0.047081199; -0.002093792]
174 
0 129 
[0.99997693, -0.00042817983, 0.0067846063;
  0.00061123318, 0.99963528, -0.027001625;
  -0.0067705698, 0.027005149, 0.99961245]
[-0.010668553; 0.069833979; 0.0005030632]
175 
0 130 
[0.99987483, -0.00020983776, -0.015838938;
  0.00074657804, 0.99942559, 0.0338891;
  0.015822724, -0.033896673, 0.99930036]
[0.033765778; -0.060477838; 5.7697296e-005]
176 
0 131 
[0.999955, 0.0072943941, -0.0060781352;
  -0.0074280798, 0.99972445, -0.022270234;
  0.005914012, 0.022314379, 0.99973357]
[0.012667477; 0.051485714; 0.0050210953]
177 
0 132 
[1, 0, 0;
  0, 1, 0;
  0, 0, 1]
[0; -3.7252903e-009; 0]
178 
0 133 
[1, 0, 0;
  0, 1, 0;
  0, 0, 1]
[0; -3.7252903e-009; 0]
179 
0 134 
[1, 0, 0;
  0, 1, 0;
  0, 0, 1]
[0; 0; 0]
180 
0 135 
[1, 0, 0;
  0, 1, 0;
  0, 0, 1]
[0; 0; 0]
181 
0 136 
[1, 0, 0;
  0, 1, 0;
  0, 0, 1]
[0; 0; 0]
182 
0 137 
[1, 0, 0;
  0, 1, 0;
  0, 0, 1]
[0; 0; 0]
183 
0 138 
[-0.99563193, 0.027260195, -0.089297436;
  -0.034172967, -0.99645901, 0.076822221;
  -0.086887047, 0.079538211, 0.99303794]
[-0.032967143; -0.047421005; 0.0026009083]
184 
0 139 
[-0.99856484, 0.0066648759, -0.053137608;
  -0.010716375, -0.99702495, 0.076329134;
  -0.052470807, 0.076789036, 0.99566561]
[-0.10538556; 0.091667265; -0.0030450821]
185 
0 140 
[1, 0, 0;
  0, 1, 0;
  0, 0, 1]
[0; 0; 0]
186 
0 141 
[1, 0, 0;
  0, 1, 0;
  0, 0, 1]
[0; 0; 0]
187 
0 142 
[1, 0, 0;
  0, 1, 0;
  0, 0, 1]
[0; 0; 0]
188 
0 143 
[1, 0, 0;
  0, 1, 0;
  0, 0, 1]
[0; 0; 0]
189 
0 144 
[1, 0, 0;
  0, 1, 0;
  0, 0, 1]
[0; 0; 0]
190 
0 145 
[1, 0, 0;
  0, 1, 0;
  0, 0, 1]
[0; 0; 0]
191 
0 146 
[0.99924952, -0.037224147, -0.010739064;
  0.036979713, 0.99907136, -0.022126462;
  0.011552726, 0.021712724, 0.9996978]
[0.024109676; 0.14641467; 0.0035920143]
192 
0 147 
[1, 0, 0;
  0, 1, 0;
  0, 0, 1]
[0; -1.4901161e-008; 0]
193 
0 148 
[1, 0, 0;
  0, 1, 0;
  0, 0, 1]
[0; 1.4901161e-008; 0]
194 
0 149 
[0.9998889, 0.013704957, -0.0059228628;
  -0.013205503, 0.99691099, 0.077426448;
  0.0069656903, -0.077339604, 0.99698085]
[-0.0008700639; -0.10907105; 0.029996395]
195 
0 150 
[0.99993241, -0.0037454984, -0.010991697;
  0.0029582169, 0.99748689, -0.070786938;
  0.011229208, 0.070749648, 0.99743074]
[0.026900798; 0.15001051; -0.011728287]
196 
0 151 
[1, 0, 0;
  0, 1, 0;
  0, 0, 1]
[0; 0; 0]
197 
0 152 
[0.99955881, 0.0066195321, 0.028956706;
  -0.0071913344, 0.99978036, 0.019687442;
  -0.028820023, -0.019886993, 0.99938679]
[-0.052505136; -0.028503984; -0.003308773]
198 
0 153 
[0.98633152, -0.014604874, -0.16412534;
  0.024782576, 0.9978826, 0.060136274;
  0.16289952, -0.063381739, 0.9846049]
[0.3425723; -0.11121389; 0.051617742]
199 
0 154 
[0.98531294, 0.022987945, 0.16920663;
  -0.01599244, 0.99896508, -0.042590503;
  -0.17001051, 0.039258927, 0.98466039]
[-0.3447597; 0.11033799; 0.015836716]
200 
0 155 
[1, 0, 0;
  0, 1, 0;
  0, 0, 1]
[-3.7252903e-009; 0; 0]
201 
0 156 
[1, 0, 0;
  0, 1, 0;
  0, 0, 1]
[-3.7252903e-009; 0; 0]
202 
0 157 
[1, 0, 0;
  0, 1, 0;
  0, 0, 1]
[0; 0; 0]
203 
0 158 
[1, 0, 0;
  0, 1, 0;
  0, 0, 1]
[0; 0; 0]
204 
0 159 
[1, 0, 0;
  0, 1, 0;
  0, 0, 1]
[0; 0; 0]
205 
0 160 
[1, 0, 0;
  0, 1, 0;
  0, 0, 1]
[0; 0; 0]
206 
0 161 
[1, 0, 0;
  0, 1, 0;
  0, 0, 1]
[0; 0; 0]
207 
0 162 
[1, 0, 0;
  0, 1, 0;
  0, 0, 1]
[0; 0; 0]
208 
0 163 
[1, 0, 0;
  0, 1, 0;
  0, 0, 1]
[0; 0; 0]
209 
0 164 
[1, 0, 0;
  0, 1, 0;
  0, 0, 1]
[0; 0; 0]
210 
0 165 
[1, 0, 0;
  0, 1, 0;
  0, 0, 1]
[0; 0; 0]
211 
0 166 
[1, 0, 0;
  0, 1, 0;
  0, 0, 1]
[0; 0; 0]
212 
0 167 
[1, 0, 0;
  0, 1, 0;
  0, 0, 1]
[0; 0; 0]
213 
0 168 
[1, 0, 0;
  0, 1, 0;
  0, 0, 1]
[0; 0; 0]
214 
0 169 
[1, 0, 0;
  0, 1, 0;
  0, 0, 1]
[0; 0; 0]
215 
0 170 
[1, 0, 0;
  0, 1, 0;
  0, 0, 1]
[0; 0; 0]
216 
0 171 
[1, 0, 0;
  0, 1, 0;
  0, 0, 1]
[0; 0; 0]
217 
0 172 
[1, 0, 0;
  0, 1, 0;
  0, 0, 1]
[0; 0; 0]
218 
0 172 
[1, 0, 0;
  0, 1, 0;
  0, 0, 1]
[0; 0; 0]
219 
0 172 
[1, 0, 0;
  0, 1, 0;
  0, 0, 1]
[0; 0; 0]
220 
0 172 
[1, 0, 0;
  0, 1, 0;
  0, 0, 1]
[0; 0; 0]
221 
0 172 
[1, 0, 0;
  0, 1, 0;
  0, 0, 1]
[0; 0; 0]
221 
0 172 
[1, 0, 0;
  0, 1, 0;
  0, 0, 1]
[0; 0; 0]
223 
0 172 
[1, 0, 0;
  0, 1, 0;
  0, 0, 1]
[0; 0; 0]
224 
0 172 
[1, 0, 0;
  0, 1, 0;
  0, 0, 1]
[0; 0; 0]
225 
0 172 
[1, 0, 0;
  0, 1, 0;
  0, 0, 1]
[0; 0; 0]
226 
0 172 
[1, 0, 0;
  0, 1, 0;
  0, 0, 1]
[0; 0; 0]
227 
0 172 
[1, 0, 0;
  0, 1, 0;
  0, 0, 1]
[0; 0; 0]
228 
0 172 
[1, 0, 0;
  0, 1, 0;
  0, 0, 1]
[0; 0; 0]
228 
0 172 
[1, 0, 0;
  0, 1, 0;
  0, 0, 1]
[0; 0; 0]
230 
0 172 
[1, 0, 0;
  0, 1, 0;
  0, 0, 1]
[0; 0; 0]
231 
0 172 
[1, 0, 0;
  0, 1, 0;
  0, 0, 1]
[0; 0; 0]
232 
0 172 
[1, 0, 0;
  0, 1, 0;
  0, 0, 1]
[0; 0; 0]
233 
0 172 
[1, 0, 0;
  0, 1, 0;
  0, 0, 1]
[0; 0; 0]
234 
0 172 
[1, 0, 0;
  0, 1, 0;
  0, 0, 1]
[0; 0; 0]
235 
0 172 
[1, 0, 0;
  0, 1, 0;
  0, 0, 1]
[0; 0; 0]
236 
0 172 
[1, 0, 0;
  0, 1, 0;
  0, 0, 1]
[0; 0; 0]
237 
0 172 
[1, 0, 0;
  0, 1, 0;
  0, 0, 1]
[0; 0; 0]
238 
0 172 
[1, 0, 0;
  0, 1, 0;
  0, 0, 1]
[0; 0; 0]
239 
0 172 
[1, 0, 0;
  0, 1, 0;
  0, 0, 1]
[0; 0; 0]
240 
0 172 
[1, 0, 0;
  0, 1, 0;
  0, 0, 1]
[0; 0; 0]
241 
0 172 
[1, 0, 0;
  0, 1, 0;
  0, 0, 1]
[0; 0; 0]
242 
0 172 
[1, 0, 0;
  0, 1, 0;
  0, 0, 1]
[0; 0; 0]
243 
0 172 
[1, 0, 0;
  0, 1, 0;
  0, 0, 1]
[0; 0; 0]
244 
0 172 
[1, 0, 0;
  0, 1, 0;
  0, 0, 1]
[0; 0; 0]
245 
0 172 
[1, 0, 0;
  0, 1, 0;
  0, 0, 1]
[0; 0; 0]
246 
0 172 
[1, 0, 0;
  0, 1, 0;
  0, 0, 1]
[0; 0; 0]
247 
0 172 
[1, 0, 0;
  0, 1, 0;
  0, 0, 1]
[0; 0; 0]
248 
0 172 
[1, 0, 0;
  0, 1, 0;
  0, 0, 1]
[0; 0; 0]
249 
0 172 
[1, 0, 0;
  0, 1, 0;
  0, 0, 1]
[0; 0; 0]
250 
0 172 
[1, 0, 0;
  0, 1, 0;
  0, 0, 1]
[0; 0; 0]
251 
0 172 
[1, 0, 0;
  0, 1, 0;
  0, 0, 1]
[0; 0; 0]
252 
0 172 
[1, 0, 0;
  0, 1, 0;
  0, 0, 1]
[0; 0; 0]
253 
0 172 
[1, 0, 0;
  0, 1, 0;
  0, 0, 1]
[0; 0; 0]
254 
0 172 
[1, 0, 0;
  0, 1, 0;
  0, 0, 1]
[0; 0; 0]
255 
0 172 
[1, 0, 0;
  0, 1, 0;
  0, 0, 1]
[0; 0; 0]
256 
0 172 
[1, 0, 0;
  0, 1, 0;
  0, 0, 1]
[0; 0; 0]
257 
0 172 
[1, 0, 0;
  0, 1, 0;
  0, 0, 1]
[0; 0; 0]
258 
0 172 
[1, 0, 0;
  0, 1, 0;
  0, 0, 1]
[0; 0; 0]
259 
0 172 
[1, 0, 0;
  0, 1, 0;
  0, 0, 1]
[0; 0; 0]
260 
0 172 
[1, 0, 0;
  0, 1, 0;
  0, 0, 1]
[0; 0; 0]
261 
0 172 
[1, 0, 0;
  0, 1, 0;
  0, 0, 1]
[0; 0; 0]
262 
0 172 
[1, 0, 0;
  0, 1, 0;
  0, 0, 1]
[0; 0; 0]
263 
0 172 
[1, 0, 0;
  0, 1, 0;
  0, 0, 1]
[0; 0; 0]
264 
0 172 
[1, 0, 0;
  0, 1, 0;
  0, 0, 1]
[0; 0; 0]
265 
0 172 
[1, 0, 0;
  0, 1, 0;
  0, 0, 1]
[0; 0; 0]
266 
0 172 
[1, 0, 0;
  0, 1, 0;
  0, 0, 1]
[0; 0; 0]
267 
0 172 
[1, 0, 0;
  0, 1, 0;
  0, 0, 1]
[0; 0; 0]
268 
0 172 
[1, 0, 0;
  0, 1, 0;
  0, 0, 1]
[0; 0; 0]
269 
0 172 
[1, 0, 0;
  0, 1, 0;
  0, 0, 1]
[0; 0; 0]
270 
0 172 
[1, 0, 0;
  0, 1, 0;
  0, 0, 1]
[0; 0; 0]
271 
0 172 
[1, 0, 0;
  0, 1, 0;
  0, 0, 1]
[0; 0; 0]
272 
0 172 
[1, 0, 0;
  0, 1, 0;
  0, 0, 1]
[0; 0; 0]
273 
0 172 
[1, 0, 0;
  0, 1, 0;
  0, 0, 1]
[0; 0; 0]
274 
0 172 
[1, 0, 0;
  0, 1, 0;
  0, 0, 1]
[0; 0; 0]
275 
0 172 
[1, 0, 0;
  0, 1, 0;
  0, 0, 1]
[0; 0; 0]
276 
0 172 
[1, 0, 0;
  0, 1, 0;
  0, 0, 1]
[0; 0; 0]
277 
0 172 
[1, 0, 0;
  0, 1, 0;
  0, 0, 1]
[0; 0; 0]
278 
0 172 
[1, 0, 0;
  0, 1, 0;
  0, 0, 1]
[0; 0; 0]
279 
0 172 
[1, 0, 0;
  0, 1, 0;
  0, 0, 1]
[0; 0; 0]
280 
0 172 
[1, 0, 0;
  0, 1, 0;
  0, 0, 1]
[0; 0; 0]
281 
0 172 
[1, 0, 0;
  0, 1, 0;
  0, 0, 1]
[0; 0; 0]
282 
0 172 
[1, 0, 0;
  0, 1, 0;
  0, 0, 1]
[0; 0; 0]
283 
0 172 
[1, 0, 0;
  0, 1, 0;
  0, 0, 1]
[0; 0; 0]
284 
0 172 
[1, 0, 0;
  0, 1, 0;
  0, 0, 1]
[0; 0; 0]
285 
0 172 
[1, 0, 0;
  0, 1, 0;
  0, 0, 1]
[0; 0; 0]
286 
0 172 
[1, 0, 0;
  0, 1, 0;
  0, 0, 1]
[0; 0; 0]
287 
0 172 
[1, 0, 0;
  0, 1, 0;
  0, 0, 1]
[0; 0; 0]
288 
0 172 
[1, 0, 0;
  0, 1, 0;
  0, 0, 1]
[0; 0; 0]
289 
0 172 
[1, 0, 0;
  0, 1, 0;
  0, 0, 1]
[0; 0; 0]
290 
0 172 
[1, 0, 0;
  0, 1, 0;
  0, 0, 1]
[0; 0; 0]
291 
0 172 
[1, 0, 0;
  0, 1, 0;
  0, 0, 1]
[0; 0; 0]
292 
0 172 
[1, 0, 0;
  0, 1, 0;
  0, 0, 1]
[0; 0; 0]
293 
0 172 
[1, 0, 0;
  0, 1, 0;
  0, 0, 1]
[0; 0; 0]
294 
0 172 
[1, 0, 0;
  0, 1, 0;
  0, 0, 1]
[0; 0; 0]
295 
0 172 
[1, 0, 0;
  0, 1, 0;
  0, 0, 1]
[0; 0; 0]
296 
0 172 
[1, 0, 0;
  0, 1, 0;
  0, 0, 1]
[0; 0; 0]
297 
0 172 
[1, 0, 0;
  0, 1, 0;
  0, 0, 1]
[0; 0; 0]
298 
0 172 
[1, 0, 0;
  0, 1, 0;
  0, 0, 1]
[0; 0; 0]
299 
0 172 
[1, 0, 0;
  0, 1, 0;
  0, 0, 1]
[0; 0; 0]
300 
0 172 
[1, 0, 0;
  0, 1, 0;
  0, 0, 1]
[0; 0; 0]
301 
0 172 
[1, 0, 0;
  0, 1, 0;
  0, 0, 1]
[0; 0; 0]
302 
0 172 
[1, 0, 0;
  0, 1, 0;
  0, 0, 1]
[0; 0; 0]
303 
0 172 
[1, 0, 0;
  0, 1, 0;
  0, 0, 1]
[0; 0; 0]
304 
0 172 
[1, 0, 0;
  0, 1, 0;
  0, 0, 1]
[0; 0; 0]
305 
0 172 
[1, 0, 0;
  0, 1, 0;
  0, 0, 1]
[0; 0; 0]
306 
0 172 
[1, 0, 0;
  0, 1, 0;
  0, 0, 1]
[0; 0; 0]
307 
0 172 
[1, 0, 0;
  0, 1, 0;
  0, 0, 1]
[0; 0; 0]
308 
0 172 
[1, 0, 0;
  0, 1, 0;
  0, 0, 1]
[0; 0; 0]
309 
0 172 
[1, 0, 0;
  0, 1, 0;
  0, 0, 1]
[0; 0; 0]
310 
0 172 
[1, 0, 0;
  0, 1, 0;
  0, 0, 1]
[0; 0; 0]
311 
0 172 
[1, 0, 0;
  0, 1, 0;
  0, 0, 1]
[0; 0; 0]
312 
0 172 
[1, 0, 0;
  0, 1, 0;
  0, 0, 1]
[0; 0; 0]
313 
0 172 
[1, 0, 0;
  0, 1, 0;
  0, 0, 1]
[0; 0; 0]
314 
0 172 
[1, 0, 0;
  0, 1, 0;
  0, 0, 1]
[0; 0; 0]
315 
0 172 
[1, 0, 0;
  0, 1, 0;
  0, 0, 1]
[0; 0; 0]
316 
0 172 
[1, 0, 0;
  0, 1, 0;
  0, 0, 1]
[0; 0; 0]
317 
0 172 
[1, 0, 0;
  0, 1, 0;
  0, 0, 1]
[0; 0; 0]
318 
0 172 
[1, 0, 0;
  0, 1, 0;
  0, 0, 1]
[0; 0; 0]
319 
0 172 
[1, 0, 0;
  0, 1, 0;
  0, 0, 1]
[0; 0; 0]
320 
0 172 
[1, 0, 0;
  0, 1, 0;
  0, 0, 1]
[0; 0; 0]
321 
0 172 
[1, 0, 0;
  0, 1, 0;
  0, 0, 1]
[0; 0; 0]
322 
0 172 
[1, 0, 0;
  0, 1, 0;
  0, 0, 1]
[0; 0; 0]
323 
0 172 
[1, 0, 0;
  0, 1, 0;
  0, 0, 1]
[0; 0; 0]
324 
0 172 
[1, 0, 0;
  0, 1, 0;
  0, 0, 1]
[0; 0; 0]
325 
0 172 
[1, 0, 0;
  0, 1, 0;
  0, 0, 1]
[0; 0; 0]
326 
0 172 
[1, 0, 0;
  0, 1, 0;
  0, 0, 1]
[0; 0; 0]
327 
0 172 
[1, 0, 0;
  0, 1, 0;
  0, 0, 1]
[0; 0; 0]
328 
0 172 
[1, 0, 0;
  0, 1, 0;
  0, 0, 1]
[0; 0; 0]
329 
0 172 
[1, 0, 0;
  0, 1, 0;
  0, 0, 1]
[0; 0; 0]
330 
0 172 
[1, 0, 0;
  0, 1, 0;
  0, 0, 1]
[0; 0; 0]
331 
0 172 
[1, 0, 0;
  0, 1, 0;
  0, 0, 1]
[0; 0; 0]
332 
0 172 
[1, 0, 0;
  0, 1, 0;
  0, 0, 1]
[0; 0; 0]
333 
0 172 
[1, 0, 0;
  0, 1, 0;
  0, 0, 1]
[0; 0; 0]
334 
0 172 
[1, 0, 0;
  0, 1, 0;
  0, 0, 1]
[0; 0; 0]
335 
0 172 
[1, 0, 0;
  0, 1, 0;
  0, 0, 1]
[0; 0; 0]
336 
0 172 
[1, 0, 0;
  0, 1, 0;
  0, 0, 1]
[0; 0; 0]
337 
0 172 
[1, 0, 0;
  0, 1, 0;
  0, 0, 1]
[0; 0; 0]
338 
0 172 
[1, 0, 0;
  0, 1, 0;
  0, 0, 1]
[0; 0; 0]
339 
0 172 
[1, 0, 0;
  0, 1, 0;
  0, 0, 1]
[0; 0; 0]
340 
0 172 
[1, 0, 0;
  0, 1, 0;
  0, 0, 1]
[0; 0; 0]
341 
0 172 
[1, 0, 0;
  0, 1, 0;
  0, 0, 1]
[0; 0; 0]
342 
0 172 
[1, 0, 0;
  0, 1, 0;
  0, 0, 1]
[0; 0; 0]
343 
0 172 
[1, 0, 0;
  0, 1, 0;
  0, 0, 1]
[0; 0; 0]
344 
0 172 
[1, 0, 0;
  0, 1, 0;
  0, 0, 1]
[0; 0; 0]
345 
0 172 
[1, 0, 0;
  0, 1, 0;
  0, 0, 1]
[0; 0; 0]
346 
0 172 
[1, 0, 0;
  0, 1, 0;
  0, 0, 1]
[0; 0; 0]
347 
0 172 
[1, 0, 0;
  0, 1, 0;
  0, 0, 1]
[0; 0; 0]
348 
0 172 
[1, 0, 0;
  0, 1, 0;
  0, 0, 1]
[0; 0; 0]
349 
0 172 
[1, 0, 0;
  0, 1, 0;
  0, 0, 1]
[0; 0; 0]
350 
0 172 
[1, 0, 0;
  0, 1, 0;
  0, 0, 1]
[0; 0; 0]
351 
0 172 
[1, 0, 0;
  0, 1, 0;
  0, 0, 1]
[0; 0; 0]
352 
0 172 
[1, 0, 0;
  0, 1, 0;
  0, 0, 1]
[0; 0; 0]
353 
0 172 
[1, 0, 0;
  0, 1, 0;
  0, 0, 1]
[0; 0; 0]
354 
0 172 
[1, 0, 0;
  0, 1, 0;
  0, 0, 1]
[0; 0; 0]
355 
0 172 
[1, 0, 0;
  0, 1, 0;
  0, 0, 1]
[0; 0; 0]
356 
0 172 
[1, 0, 0;
  0, 1, 0;
  0, 0, 1]
[0; 0; 0]
357 
0 172 
[1, 0, 0;
  0, 1, 0;
  0, 0, 1]
[0; 0; 0]
358 
0 172 
[1, 0, 0;
  0, 1, 0;
  0, 0, 1]
[0; 0; 0]
359 
0 172 
[1, 0, 0;
  0, 1, 0;
  0, 0, 1]
[0; 0; 0]
360 
0 172 
[1, 0, 0;
  0, 1, 0;
  0, 0, 1]
[0; 0; 0]
361 
0 172 
[1, 0, 0;
  0, 1, 0;
  0, 0, 1]
[0; 0; 0]
362 
0 172 
[1, 0, 0;
  0, 1, 0;
  0, 0, 1]
[0; 0; 0]
363 
0 172 
[1, 0, 0;
  0, 1, 0;
  0, 0, 1]
[0; 0; 0]
364 
0 172 
[1, 0, 0;
  0, 1, 0;
  0, 0, 1]
[0; 0; 0]
365 
0 172 
[1, 0, 0;
  0, 1, 0;
  0, 0, 1]
[0; 0; 0]
366 
0 172 
[1, 0, 0;
  0, 1, 0;
  0, 0, 1]
[0; 0; 0]
367 
0 172 
[1, 0, 0;
  0, 1, 0;
  0, 0, 1]
[0; 0; 0]
368 
0 172 
[1, 0, 0;
  0, 1, 0;
  0, 0, 1]
[0; 0; 0]
369 
0 172 
[1, 0, 0;
  0, 1, 0;
  0, 0, 1]
[0; 0; 0]
370 
0 172 
[1, 0, 0;
  0, 1, 0;
  0, 0, 1]
[0; 0; 0]
371 
0 172 
[1, 0, 0;
  0, 1, 0;
  0, 0, 1]
[0; 0; 0]
372 
0 172 
[1, 0, 0;
  0, 1, 0;
  0, 0, 1]
[0; 0; 0]
373 
0 172 
[1, 0, 0;
  0, 1, 0;
  0, 0, 1]
[0; 0; 0]
374 
0 172 
[1, 0, 0;
  0, 1, 0;
  0, 0, 1]
[0; 0; 0]
375 
0 172 
[1, 0, 0;
  0, 1, 0;
  0, 0, 1]
[0; 0; 0]
376 
0 172 
[1, 0, 0;
  0, 1, 0;
  0, 0, 1]
[0; 0; 0]
377 
0 172 
[1, 0, 0;
  0, 1, 0;
  0, 0, 1]
[0; 0; 0]
378 
0 172 
[1, 0, 0;
  0, 1, 0;
  0, 0, 1]
[0; 0; 0]
379 
0 172 
[1, 0, 0;
  0, 1, 0;
  0, 0, 1]
[0; 0; 0]
380 
0 172 
[1, 0, 0;
  0, 1, 0;
  0, 0, 1]
[0; 0; 0]
381 
0 172 
[1, 0, 0;
  0, 1, 0;
  0, 0, 1]
[0; 0; 0]
382 
0 172 
[1, 0, 0;
  0, 1, 0;
  0, 0, 1]
[0; 0; 0]
383 
0 172 
[1, 0, 0;
  0, 1, 0;
  0, 0, 1]
[0; 0; 0]
384 
0 172 
[1, 0, 0;
  0, 1, 0;
  0, 0, 1]
[0; 0; 0]
385 
0 172 
[1, 0, 0;
  0, 1, 0;
  0, 0, 1]
[0; 0; 0]
386 
0 172 
[1, 0, 0;
  0, 1, 0;
  0, 0, 1]
[0; 0; 0]
387 
0 172 
[1, 0, 0;
  0, 1, 0;
  0, 0, 1]
[0; 0; 0]
388 
0 172 
[1, 0, 0;
  0, 1, 0;
  0, 0, 1]
[0; 0; 0]
389 
0 172 
[1, 0, 0;
  0, 1, 0;
  0, 0, 1]
[0; 0; 0]
390 
0 172 
[1, 0, 0;
  0, 1, 0;
  0, 0, 1]
[0; 0; 0]
391 
0 172 
[1, 0, 0;
  0, 1, 0;
  0, 0, 1]
[0; 0; 0]
392 
0 172 
[1, 0, 0;
  0, 1, 0;
  0, 0, 1]
[0; 0; 0]
393 
0 172 
[1, 0, 0;
  0, 1, 0;
  0, 0, 1]
[0; 0; 0]
394 
0 172 
[1, 0, 0;
  0, 1, 0;
  0, 0, 1]
[0; 0; 0]
395 
0 172 
[1, 0, 0;
  0, 1, 0;
  0, 0, 1]
[0; 0; 0]
396 
0 172 
[1, 0, 0;
  0, 1, 0;
  0, 0, 1]
[0; 0; 0]
397 
0 172 
[1, 0, 0;
  0, 1, 0;
  0, 0, 1]
[0; 0; 0]
398 
0 172 
[1, 0, 0;
  0, 1, 0;
  0, 0, 1]
[0; 0; 0]
399 
0 172 
[1, 0, 0;
  0, 1, 0;
  0, 0, 1]
[0; 0; 0]
400 
0 172 
[1, 0, 0;
  0, 1, 0;
  0, 0, 1]
[0; 0; 0]
401 
0 172 
[1, 0, 0;
  0, 1, 0;
  0, 0, 1]
[0; 0; 0]
402 
0 172 
[1, 0, 0;
  0, 1, 0;
  0, 0, 1]
[0; 0; 0]
403 
0 172 
[1, 0, 0;
  0, 1, 0;
  0, 0, 1]
[0; 0; 0]
404 
0 172 
[1, 0, 0;
  0, 1, 0;
  0, 0, 1]
[0; 0; 0]
405 
0 172 
[1, 0, 0;
  0, 1, 0;
  0, 0, 1]
[0; 0; 0]
406 
0 172 
[1, 0, 0;
  0, 1, 0;
  0, 0, 1]
[0; 0; 0]
407 
0 172 
[1, 0, 0;
  0, 1, 0;
  0, 0, 1]
[0; 0; 0]
408 
0 172 
[1, 0, 0;
  0, 1, 0;
  0, 0, 1]
[0; 0; 0]
409 
0 172 
[1, 0, 0;
  0, 1, 0;
  0, 0, 1]
[0; 0; 0]
410 
0 172 
[1, 0, 0;
  0, 1, 0;
  0, 0, 1]
[0; 0; 0]
411 
0 172 
[1, 0, 0;
  0, 1, 0;
  0, 0, 1]
[0; 0; 0]
412 
0 172 
[1, 0, 0;
  0, 1, 0;
  0, 0, 1]
[0; 0; 0]
413 
0 172 
[1, 0, 0;
  0, 1, 0;
  0, 0, 1]
[0; 0; 0]
414 
0 172 
[1, 0, 0;
  0, 1, 0;
  0, 0, 1]
[0; 0; 0]
415 
0 172 
[1, 0, 0;
  0, 1, 0;
  0, 0, 1]
[0; 0; 0]
416 
0 172 
[1, 0, 0;
  0, 1, 0;
  0, 0, 1]
[0; 0; 0]
417 
0 172 
[1, 0, 0;
  0, 1, 0;
  0, 0, 1]
[0; 0; 0]
418 
0 172 
[1, 0, 0;
  0, 1, 0;
  0, 0, 1]
[0; 0; 0]
419 
0 172 
[1, 0, 0;
  0, 1, 0;
  0, 0, 1]
[0; 0; 0]
420 
0 172 
[1, 0, 0;
  0, 1, 0;
  0, 0, 1]
[0; 0; 0]
421 
0 172 
[1, 0, 0;
  0, 1, 0;
  0, 0, 1]
[0; 0; 0]
422 
0 172 
[1, 0, 0;
  0, 1, 0;
  0, 0, 1]
[0; 0; 0]
423 
0 172 
[1, 0, 0;
  0, 1, 0;
  0, 0, 1]
[0; 0; 0]
424 
0 172 
[1, 0, 0;
  0, 1, 0;
  0, 0, 1]
[0; 0; 0]
