<?xml version="1.0"?>
<opencv_storage>
<__dataDistortion type_id="opencv-matrix">
  <rows>5</rows>
  <cols>1</cols>
  <dt>f</dt>
  <data>
    -2.77919434e-002 1.76818023e-004 2.15038960e-003 1.72823737e-003
    -3.14856379e-007</data></__dataDistortion>
</opencv_storage>
